24100121440
2610159557
2410883990
2610170786
2510203112
2510203107
2510203109
2610026949
2610126270
2610026958
2510814977
2610126451
2610026963
2510633412
2510203125
2510633390
2510317516
2510203129
2510317505
2510203130
2510633391
2510633381
2610026953
2610026950
2510633386
2510203118
2610026952
2510633383
2510224167
2510633406
2610026976
2510203124
2510633396
2510633402
2410131539
2410131376
2310396109
2410992743
2410883989
2410320616
2210575660
2210575757
2510633400
2510178141
2510633395
2510203114
2510633385
2510633410
2510633399
2510203127
2510389643
2510389931
2510389559
2510203128
2510203106
2510633397
2510633411
2510203108
2510318483
2510014483
2410883992
2510178139
2510317537
2510203103
2510203132
2510203115
2510203111
2510203123
2510203122
2510224049
2510203131
2510203120
2510178140
2510203119
2411087432
2410883988
2510203116
2246006313
2510203121
2510203117
2510203113
2510203110
2510203104
2310396104
2411087433
2510203105
2510203134
2510203133
2510014482
2410131384
2510014481
2411290205
2410131380
2410131387
2410883994
2410883993
2410121457
2410121326
2410131378
2410121353
2410121424
2419121440
2410121574
2410121371
2410932742
2610100259
2410883991
2410121454
2610026977
2610026966
2310396108
2510633393
2410131383
2510014484
2410131547
2410320615
2310396107
2310396110
2310396111
2310396106
2310396105
